d,K,K.lower,K.upper,U,U.lower,U.upper,N_e,N_e.lower,N_e.upper,.width,.point,.interval,site,K.median,U.median,N_e.median,sumlightReal,sumlightIdeal,z,yr_jday,U_het,U_tot,U_auto_perc
1,2.151900933738403,0.9321062319306901,3.953220504665596,0.12433815307293976,0.0904975273144953,0.16446228040278546,3.063486680736558,2.7662902286577364,3.5110182581292286,0.95,mean,qi,BIGC,2.032638109019582,0.12318305667976664,3.0346759515649455,5190,11038.643455924495,0.2,2021_56,1.318463969754432,1.4428021228273717,8.61782437838959
2,2.03868699570197,0.9233723820653036,3.659375371600569,0.12896647984752052,0.09575658312257848,0.1699917527903168,2.996222355402942,2.6962258126005585,3.400952088833706,0.95,mean,qi,BIGC,1.94001335773457,0.1275282744868534,2.975953435380145,5297,11150.77604441168,0.2,2021_57,1.221671910438301,1.3506383902858214,9.54855724338094
3,1.7880714098170125,0.8294298169008782,3.1971274291579217,0.12940921427882285,0.09416507838861199,0.17288551978251843,2.959045730964911,2.614922768489224,3.4138321358815364,0.95,mean,qi,BIGC,1.7136348519200835,0.1281201400349071,2.9384525873176246,5152,11263.408410756747,0.2,2021_58,1.0581970143758883,1.187606228654711,10.896643277579825
4,2.095929969576665,0.909054265654601,3.826015424807076,0.12693314168649403,0.09403300835459573,0.1673229295746827,2.8298759685101156,2.523284174566789,3.2553524226469785,0.95,mean,qi,BIGC,1.9985962226372571,0.12559574668216994,2.807881151022061,5352,11376.489896152008,0.2,2021_59,1.1862443705170285,1.3131775122035225,9.666106867265736
5,2.019266189480077,0.9245438536339708,3.568394497511145,0.1346818281022524,0.09886155294773456,0.17682877228376245,2.919064550995242,2.610052840734158,3.3795860703914418,0.95,mean,qi,BIGC,1.9277100135852496,0.13338229645298227,2.8923168094245315,5557,11489.969755429724,0.2,2021_60,1.178873670546907,1.3135554986491593,10.253227080299018
6,1.9690092779530024,0.8686649835805854,3.527382546012719,0.1258617900044069,0.09237185575549953,0.16740458043235548,2.626044503597427,2.3003016541689254,3.036276818178711,0.95,mean,qi,BIGC,1.896505877903551,0.12434410530600382,2.6113012142093037,5070,11603.797204611255,0.2,2021_61,1.0341411983801643,1.160002988384571,10.850126358698693
7,2.304662227031576,0.9372864354778321,4.315006485368593,0.132871697007912,0.0988049681331325,0.1726201182283361,2.529039033321217,2.251018298546122,2.9667875735736016,0.95,mean,qi,BIGC,2.1939911528273446,0.1315944457830032,2.5001502751331537,5582,11832.291829445487,0.2,2021_63,1.1657161461567722,1.2985878431646842,10.232014546208983
8,2.210446004328899,0.9736680612151805,4.050690311054163,0.13705252212992644,0.1019095283863769,0.18014163553993426,2.4941786538806077,2.2207268895023216,2.91103023974013,0.95,mean,qi,BIGC,2.1163975244594013,0.13568503530612203,2.467229702348187,5614,11946.857675440173,0.2,2021_64,1.1026494479105644,1.2397019700404908,11.055279852902878
9,2.149619716690641,0.9074646564663104,3.989270360174149,0.11009845504568355,0.07920745668449386,0.1496991346656154,2.3761875323363397,2.094291193880223,2.7872831108478437,0.95,mean,qi,BIGC,2.0495596557710103,0.1083276177127607,2.356169130290153,4236,12061.568549545336,0.2,2021_65,1.0215799140129354,1.131678369058619,9.728776130736545
10,2.4505702615526337,1.018142266056372,4.772648461812542,0.1730662392502165,0.12783351148755795,0.2222397729050221,2.2121468288214063,1.896082879911617,2.7343063850229865,0.95,mean,qi,BIGC,2.273306431674996,0.1726815521786146,2.1762632463931615,8537,18660.618698830687,0.2,2021_128,1.0842042465795405,1.257270485829757,13.76523518214925
11,2.5151771230690394,0.9784678157175617,5.216700367056301,0.1646661357659295,0.12106208942663986,0.21135834616884203,2.10289034625663,1.8149047708099144,2.6189909401938203,0.95,mean,qi,BIGC,2.3117294840796223,0.16391380239513426,2.065724590933317,8338,18729.198745610192,0.2,2021_129,1.0578283382454814,1.222494474011411,13.469683443689128
12,2.5982393394325256,1.0632508884630048,5.121886562964146,0.1759954102430055,0.1303508265688201,0.225726569434525,2.154834455454611,1.8524564909628107,2.7044612687392626,0.95,mean,qi,BIGC,2.405672141106922,0.17521765777483828,2.111088740086104,8457,18802.321648204044,0.2,2021_130,1.119755130425367,1.2957505406683725,13.582507181685122
13,2.675051873064027,1.0390527945042565,5.178156755868966,0.17054123157619325,0.12365533938349994,0.21796667300636544,2.168954700901785,1.9037758846663797,2.6251920912726265,0.95,mean,qi,BIGC,2.4990579782339744,0.17038844674217762,2.1357897257852434,8619,19010.91830153184,0.2,2021_133,1.1604132670476692,1.3309544986238624,12.813453183600492
14,3.0662259110115557,1.1677413419812737,6.047593649008277,0.1760863376112741,0.12777615858188857,0.22627975125891975,2.3212680994494836,2.0728250616033668,2.804758119981164,0.95,mean,qi,BIGC,2.8455849024146764,0.1759461780612909,2.283372911887997,8771,19379.926296891004,0.2,2021_139,1.4235064785873113,1.5995928161985853,11.00819757553934
15,9.676855279477548,5.346937585058908,14.239220351733493,0.17391436518007672,0.12599609452125318,0.2228694452716458,2.135406090324725,2.0700911589828395,2.2313770528347403,0.95,mean,qi,BIGC,9.669549894155647,0.1742665016535901,2.1308443331429876,9042,19435.235576808438,0.2,2021_140,4.132803139797466,4.306717504977542,4.038211584090971
16,2.7134189134123465,1.186255911598135,4.989381397996554,0.17606087705898432,0.13017065253503182,0.22645561390627975,3.048384381498984,2.7933512195781147,3.438917582481203,0.95,mean,qi,BIGC,2.591659433360914,0.17506717160080784,3.0228088403477686,8418,19864.039482119828,0.2,2021_149,1.6543087672220282,1.8303696442810127,9.618870024920172
17,3.005457695488313,1.287758728218739,5.411525626611684,0.18477982921156977,0.1355453335421953,0.24113823462912004,3.0553018029340886,2.8121323690700977,3.4709182069447153,0.95,mean,qi,BIGC,2.8676824774177216,0.18355609536518264,3.0262241644603636,8609,19907.440119266525,0.2,2021_150,1.836516063133515,2.0212958923450848,9.141651645924549
18,3.0165899053482392,1.2849541298422025,5.47167374681681,0.18004068608994442,0.13286890007119617,0.23357362433804824,3.071095649311345,2.829812850347027,3.4563311740601157,0.95,mean,qi,BIGC,2.8716144159429726,0.1792698339724468,3.0419542647356117,8614,19949.044093768724,0.2,2021_151,1.8528472268143,2.0328879129042443,8.856400047788808
19,3.4550640737309655,1.5197550061572092,6.094816988802423,0.18658588878446303,0.13681307926161573,0.24367549981290015,3.115631706386826,2.9155580536864725,3.4455818815207655,0.95,mean,qi,BIGC,3.332460951326639,0.1847727760486588,3.091098411518006,8712,19988.856287737042,0.2,2021_152,2.1529414351428455,2.3395273239273084,7.975366941696828
20,3.6780064511910853,1.6467289784794954,6.585294796801476,0.19340347026152,0.14476882816023898,0.25131320423964604,3.1795948028969834,2.9763031322259237,3.5262157977989523,0.95,mean,qi,BIGC,3.5550637070110946,0.19154006487207725,3.154665861432979,8754,20026.88157770742,0.2,2021_153,2.33891403944575,2.53231750970727,7.637409981968532
21,3.3211333369497065,1.465692688573743,5.973748218034577,0.18360683397161978,0.13500384003939592,0.24308578284638607,3.234361559295525,3.022107240512665,3.576807811018382,0.95,mean,qi,BIGC,3.1774613460043204,0.18176269155601077,3.2103921184741786,8443,20063.124810318623,0.2,2021_154,2.1483491996650006,2.3319560336366205,7.8735118211165425
22,3.656611663085475,1.573535685251403,6.386890361898873,0.19270330403137517,0.14259382806931029,0.25492035163843285,3.2195209185503524,3.0184699337653926,3.5516549772715535,0.95,mean,qi,BIGC,3.539628566415935,0.19082686770051593,3.1959994464295933,8855,20097.590778197322,0.2,2021_155,2.354507548063776,2.547210852095151,7.565267079200428
23,3.0476183958201624,1.4048323685719388,5.356642047551963,0.199555382310073,0.14874530525824814,0.26328320367936875,3.4401945645232566,3.185677696435349,3.8647713563155857,0.95,mean,qi,BIGC,2.939930903792577,0.19801271506782206,3.410457896297174,8868,20130.284197756264,0.2,2021_156,2.096880048008322,2.296435430318395,8.68978851638799
24,2.8805660331765255,1.3319740506308027,5.116765074450316,0.19866433677852924,0.14912746650974187,0.2595528351888707,3.474120424571343,3.2239555841629004,3.8596294442220094,0.95,mean,qi,BIGC,2.7564412782630043,0.19746355918546865,3.4481967456990796,8996,20161.209686359638,0.2,2021_157,2.001486658037004,2.200150994815533,9.029577390218432
25,2.4738756540697047,1.0942863231272206,4.4320330313794605,0.16656024742491068,0.12327504204053588,0.22001703587568194,3.355500771262775,3.098701076725344,3.7608105769995728,0.95,mean,qi,BIGC,2.3816771208077965,0.16442618180610513,3.3315709438278565,7154,20190.37174197103,0.2,2021_158,1.6602183330478195,1.8267785804727301,9.1177031089235
26,3.7286929392259225,1.6368125940968057,6.439358797893764,0.18869762247921365,0.13994612827027086,0.24310445408197587,3.1682947331238793,2.9864133514567786,3.475726459767645,0.95,mean,qi,BIGC,3.5979989079826424,0.18775665372226472,3.150258990118604,9064,20217.77472268585,0.2,2021_159,2.3627196401571378,2.5514172626363516,7.395796259692719
27,3.244213096281039,1.4322405242684537,5.573976452848821,0.18750708837972477,0.1385939448103042,0.24598708370783606,3.07561196036625,2.87731928367195,3.374307132346625,0.95,mean,qi,BIGC,3.153982350326577,0.18605886134444527,3.058165605405984,8925,20243.422827506627,0.2,2021_160,1.9955881201797574,2.1830952085594824,8.589047680767507
28,2.4251322853126083,1.2932628998199336,3.8058010808501974,0.2309238929337802,0.1711692911078061,0.3081191419826493,3.7824079306276728,3.503850812286699,4.1564582792436235,0.95,mean,qi,BIGC,2.3904055357882066,0.22738086771085092,3.7629195436022567,9013,20419.74307102732,0.2,2021_175,1.8345679177575243,2.0654918106913045,11.180092399228236
29,2.3722478693685276,1.2780222598907005,3.6784337245303944,0.23010391888881698,0.1699820154376476,0.310691635187692,3.633784648102861,3.3523574789548642,4.006407342801075,0.95,mean,qi,BIGC,2.318458556061338,0.22667487451564855,3.617979536583413,8920,20417.695583553388,0.2,2021_176,1.7240475778412154,1.9541514967300324,11.775132034228665
30,2.393899955829406,1.2993316126347159,3.7170670929303604,0.2607587214331856,0.18340988677849485,0.3666265688462663,3.7624777278424824,3.4389596593823364,4.221406888899349,0.95,mean,qi,BIGC,2.3517209269082886,0.2554125966158009,3.741320056587427,8765,20413.92660160965,0.2,2021_177,1.8013990532982487,2.062157774731434,12.644945242715274
31,2.3300028437308287,1.311392639522306,3.5786150436076443,0.2585409007499463,0.18239547844409565,0.36031341228256314,3.9976386419243837,3.67505798605423,4.458685625653515,0.95,mean,qi,BIGC,2.2843373503426765,0.25356076892074475,3.976902810166126,8747,20408.435362641714,0.2,2021_178,1.8629018807784126,2.121442781528359,12.187031533496496
32,2.5302374180608527,1.4588591983793304,3.782985162531306,0.24641047718598774,0.17110198994499085,0.3562609800818912,4.1638984647860235,3.872333001324674,4.564281196275679,0.95,mean,qi,BIGC,2.4949057838497,0.2402044436786253,4.143405619710595,7805,20401.22078342084,0.2,2021_179,2.1071303401215475,2.353540817307535,10.469777085399471
33,2.2611722024768177,1.076314897329182,3.91829343996825,0.18537013626296298,0.13725533833554363,0.24150400961157653,2.4334719803927176,2.151371867311773,2.8415452836608295,0.95,mean,qi,BIGC,2.1785065486649255,0.18414567629850093,2.409844940120003,8616,19973.67942080708,0.2,2021_197,1.1004998395140448,1.2858699757770078,14.415931607000159
34,2.4685114103614554,1.045592004297551,4.352381395921951,0.1869894964442502,0.1377478069189963,0.24184275963766097,2.352102821631384,2.062209635860442,2.835320654751008,0.95,mean,qi,BIGC,2.386091619102195,0.18620991477093723,2.316570535398742,8600,19933.14198154128,0.2,2021_198,1.1612385307080895,1.3482280271523397,13.869278243621752
35,2.707788139232914,1.073785049726419,5.018757119227148,0.17813477974447048,0.1306855853394552,0.230379390387899,2.2250864038378357,1.9659950274132443,2.671078846249192,0.95,mean,qi,BIGC,2.584032215724468,0.177115293142338,2.1923074543339496,8592,19752.947753816043,0.2,2021_202,1.205012514616102,1.3831472943605725,12.878945031434412
36,2.730048537272648,1.098357988291977,5.106597915971265,0.17032452218234073,0.12521022514508712,0.2193001869364758,2.111221320935535,1.8622263484377104,2.5708567954665176,0.95,mean,qi,BIGC,2.594836554996917,0.16940967183092476,2.0801071101599318,8393,19703.36164247607,0.2,2021_203,1.1527473358157772,1.323071857998118,12.87341433140686
37,2.8320381520442175,1.082174529595825,5.7301618962196965,0.16563099631871236,0.12020403503037765,0.2142941038514757,2.1251703375483104,1.8590732797912168,2.6375694808720955,0.95,mean,qi,BIGC,2.6266605256551863,0.16526959569638966,2.0782746694656593,7856,19651.95014279426,0.2,2021_204,1.2037126951059007,1.369343691424613,12.095648255143029
38,2.607135476735622,0.9377679957907252,5.527763546429176,0.15659665682773108,0.11469690357320562,0.20310660249319606,1.785233556438757,1.4901975561758027,2.3376871988264267,0.95,mean,qi,BIGC,2.371883574361172,0.15595722494078013,1.7374596362329222,7491,18345.024233645134,0.2,2021_225,0.9308691478500777,1.0874658046778087,14.400145379663417
39,2.2949700438056038,0.857564973028135,4.541223656006292,0.14704166737967844,0.10692405773451463,0.19104621255193743,1.6746661400290666,1.384521167278816,2.159818431967026,0.95,mean,qi,BIGC,2.145619446438147,0.14662942847240268,1.636805479334324,6919,18268.870700967367,0.2,2021_226,0.7686617249484536,0.9157033923281321,16.057783405806987
40,2.4748574220542148,0.9275604410298612,5.042424914998423,0.14255317476103285,0.10451304026175383,0.18600594736658002,1.6688145922224185,1.3843860929771599,2.1718773554830535,0.95,mean,qi,BIGC,2.2787603037626774,0.14189797832267345,1.6294304993177027,6610,18191.092125249823,0.2,2021_227,0.8260156359188061,0.9685688106798389,14.717919180256764
41,2.5004599667046095,0.963655470245083,4.769035928061652,0.1507260857191819,0.11031506388013713,0.199507786748383,1.5662625563919275,1.28593034699306,2.0468024801254656,0.95,mean,qi,BIGC,2.367016825552194,0.14907399559797546,1.5279640264605434,6655,18111.68980565855,0.2,2021_228,0.783275363921287,0.9340014496404689,16.13767149689134
42,2.4952080058354817,0.9588964164392235,5.147358303235356,0.1534371088990512,0.11138283971542393,0.1968733255614794,1.730178264436621,1.410062304155454,2.2815971813022635,0.95,mean,qi,BIGC,2.2960780397337803,0.15325199187483168,1.6849374320105146,7751,18030.665876495492,0.2,2021_229,0.8634309313889592,1.0168680402880104,15.089185894326347
43,2.5210203635463073,1.0068447506315603,5.1295767124592375,0.1651174556250832,0.12185739205659887,0.21482075853922916,1.9429082828994428,1.6079565844283081,2.548310720069521,0.95,mean,qi,BIGC,2.34143348948745,0.16368424011955368,1.890710575565045,7639,17948.023341546213,0.2,2021_230,0.979622269138457,1.1447397247635402,14.424017272501851
44,2.5367382499528737,0.9559641619784646,5.491227484665136,0.15915876205152246,0.1160802420647054,0.2081661705563283,1.435442846638489,1.0530536778292572,2.1435069013807238,0.95,mean,qi,BIGC,2.292943140948133,0.15824672508293336,1.3692839805875634,7372,16729.526732947765,0.2,2021_243,0.7282685549378184,0.8874273169893409,17.934850438397554
45,2.6488038412201873,0.9774427771317068,5.334110366471826,0.15273822442144452,0.11047674196698859,0.19975147037664764,1.4183505099149554,1.159447169906474,1.9106041194036953,0.95,mean,qi,BIGC,2.4452177100121073,0.15241990276243694,1.3766084550721107,7443,16519.227991472493,0.2,2021_245,0.7513864557718691,0.9041246801933136,16.893491325641847
46,2.4145015282003,0.9253057382004608,4.880773531069297,0.15617793444560457,0.1152460060222972,0.20396797080408122,1.487661900065398,1.1958303434704027,2.003666785699855,0.95,mean,qi,BIGC,2.2308336095489416,0.1551115590652422,1.4450059038646255,7155,16411.926948075503,0.2,2021_246,0.718392386230653,0.8745703206762576,17.857676021390787
47,2.214672781958025,0.875567773926383,4.388581613869578,0.16084904230513944,0.11846002246609118,0.21078495512701562,1.5642608519672936,1.2338793759317093,2.137827373293188,0.95,mean,qi,BIGC,2.0735502913013577,0.15961274597043254,1.5221817875754535,7220,16303.220522498828,0.2,2021_247,0.6928651865468874,0.8537142288520269,18.841087200974744
48,2.343434598108364,0.9196917263655424,4.5621524365671124,0.15870100460386577,0.11614916516855452,0.2076747953729479,1.4804047211192062,1.1684704578655631,2.0801923181320516,0.95,mean,qi,BIGC,2.1991725952619743,0.15755751805103613,1.4329344825813337,7194,16193.13213275584,0.2,2021_248,0.6938463285347424,0.8525473331386082,18.614920067794518
49,2.369116267656127,0.9635717824647261,4.65844883198829,0.16123252066636834,0.11865651102175315,0.21200170098026358,1.5901989520247641,1.2606864920208791,2.1840006715545193,0.95,mean,qi,BIGC,2.1980978518351977,0.15947193369321205,1.5426173241753662,6897,16081.686500539261,0.2,2021_249,0.7534732412103189,0.9147057618766872,17.62670876103045
50,3.8370777818984183,1.5329863254119778,6.736195936447677,0.16572031902655252,0.12307553282647632,0.21908032103924294,1.4621304145406595,1.272627173338415,1.8174936875245502,0.95,mean,qi,BIGC,3.758718866290817,0.16324691647973735,1.4322723978145917,6899,15968.909656063042,0.2,2021_250,1.1220616255743778,1.2877819446009304,12.86866303113975
51,1.9850195991402897,0.838918244983525,3.700201973895661,0.1627350941528676,0.12139514508382478,0.21505412401292515,1.7088872981620788,1.3542495514151087,2.311072065793856,0.95,mean,qi,BIGC,1.8846989212434813,0.16119213320712525,1.660287554894893,6824,15854.828940970256,0.2,2021_251,0.6784349559147245,0.841170050067592,19.34627774013008
52,1.8564304449665738,0.7726257886078463,3.50680486789415,0.14020080136387386,0.10246839660559355,0.18523704198145177,1.5546637030238213,1.2102628303251102,2.1091737935507906,0.95,mean,qi,BIGC,1.742034696656245,0.13911948362827942,1.515507905887877,5986,15144.659310529576,0.2,2021_257,0.5772250059955788,0.7174258073594526,19.54220212399314
53,2.1640202865452878,0.8620177397328478,4.325160278357218,0.13920704092945843,0.10294733797389319,0.18262615326783926,1.5103766848513416,1.1840358453467648,2.121425518288399,0.95,mean,qi,BIGC,2.01374689758896,0.13821072053956512,1.460424645159978,6051,15026.926105121573,0.2,2021_258,0.6536971572686645,0.792904198198123,17.556602833710155
54,2.480195246240115,0.8789629578469628,4.951175262787149,0.13157878084015165,0.09685415752870154,0.1723123846438608,1.3518473017097277,1.0687659915730932,1.8793332476931144,0.95,mean,qi,BIGC,2.2922691709310445,0.13092221335450438,1.312960708296809,5956,14916.373701935707,0.2,2021_259,0.6705690502685987,0.8021478311087503,16.403308185509886
55,2.4006808449501666,0.8731949960355058,5.090496276640681,0.12848173486959555,0.09360299606462559,0.1689185899081332,1.4149704696043037,1.1125103998137087,1.9693651572890745,0.95,mean,qi,BIGC,2.17775373470305,0.12758673386622116,1.370526284114176,5588,14804.839336192672,0.2,2021_260,0.6793785005098388,0.8078602353794344,15.903955813501634
56,2.3363981039536803,0.8467696504672265,4.918697507736304,0.13326770184890135,0.09631276125735636,0.17465009978122845,1.3622064954383846,1.0624997785260013,1.938536563943161,0.95,mean,qi,BIGC,2.1358279631213533,0.13297587872481004,1.3138655941687254,6147,14692.355928386314,0.2,2021_261,0.6365313346271259,0.7697990364760272,17.312012036150623
57,4.228705178774838,1.3990889076849498,8.235836689115015,0.1376260180046794,0.09990976768115276,0.1783346027886084,1.2148591791150027,1.0389891662481465,1.5912016475593813,0.95,mean,qi,BIGC,4.042952477070324,0.13743405337061915,1.1823834551720616,6462,14578.957559346396,0.2,2021_262,1.0274562604411521,1.1650822784458315,11.81255783825555
58,2.260534585984552,0.8298235678609389,4.564832485808089,0.13383752537323065,0.0977251159755239,0.1751826580238605,1.3339204404141372,1.0325127330208,1.8663201929436706,0.95,mean,qi,BIGC,2.095303098171356,0.13290332509115516,1.2912946150422653,6022,14464.679452664292,0.2,2021_263,0.6030746581015806,0.7369121834748112,18.16193684600757
59,2.4879631073066752,0.8743456191707962,5.56659556344202,0.12425113937732785,0.09095403852421563,0.161650734533891,1.3450506541617835,1.0411362883573911,1.9345911304014256,0.95,mean,qi,BIGC,2.2325935057641084,0.12354803283324128,1.2917840570000985,5621,14349.55795457201,0.2,2021_264,0.6692872810026455,0.7935384203799734,15.657860563050262
60,2.7518972005024787,0.9934217617912833,5.71961782366195,0.11680257564198473,0.08447272060776008,0.1536665151212817,1.5787055505685186,1.3352728716929023,2.041863100706973,0.95,mean,qi,BIGC,2.546964810933739,0.11614794529856644,1.5405900969784678,5138,13999.512942550107,0.2,2021_267,0.8688870770054461,0.9856896526474308,11.849832787456844
61,3.2642584901402922,1.0386279201355055,7.11411262539261,0.11317056178377462,0.08205935731275278,0.14833791215521366,1.5725414344498492,1.3578432568162264,2.026271935451445,0.95,mean,qi,BIGC,2.946335382587458,0.11247763672888703,1.5353348867366026,4971,13881.40298556727,0.2,2021_268,1.026636345700063,1.1398069074838375,9.928924016928663
62,2.9614230911473776,1.0222237310956832,6.508002315400804,0.1133938928549841,0.08299811393294276,0.14601847977595545,1.5532389550127133,1.3323094961720374,1.9586245936092057,0.95,mean,qi,BIGC,2.6615734251891983,0.11334387756086953,1.5205874123768726,5187,13762.647366954188,0.2,2021_269,0.9199595414888544,1.0333534343438384,10.973389073505839
63,2.515542520222296,0.9466523417889263,5.180726512476879,0.12411117213123275,0.08902983233006748,0.16334389360171275,1.7873936691222518,1.492433598395458,2.3410421472197323,0.95,mean,qi,BIGC,2.3173658919737505,0.12345134835657898,1.7448417434466976,5529,13643.288633402,0.2,2021_270,0.8992529550106332,1.0233641271418659,12.127762625201694
64,2.7657911892100375,0.9611735954128522,5.958140102087846,0.10477529345425386,0.07536180504837862,0.13730091439955672,1.7415582808352952,1.4981380919530578,2.191932611915374,0.95,mean,qi,BIGC,2.525486921818558,0.10419924051453819,1.706554333260255,4521,13160.705069894815,0.2,2021_274,0.963357309726008,1.0681326031802618,9.809202822036847
65,2.9291306298638897,0.9482582966166758,6.480898510252788,0.0946559403036237,0.06716189457278512,0.12430245863259311,1.7066148906281369,1.476206504233141,2.1204586888012558,0.95,mean,qi,BIGC,2.6212923570380475,0.09431738567319999,1.6694491495210224,4064,13039.000019092899,0.2,2021_275,0.9997795899041377,1.0944355302077615,8.6488365637814
66,3.0351148948411817,1.0684047200363327,6.36281554564059,0.09493850348779506,0.0678820751003251,0.12712909611765302,1.6613128203442638,1.4469240089856956,2.0594715338545275,0.95,mean,qi,BIGC,2.788079531378266,0.0940654658644161,1.6309043735079478,3806,12916.96522467822,0.2,2021_276,1.0084550572034974,1.1033935606912924,8.604228524617698
67,2.3926780568830193,0.8224586384726108,5.281449428575952,0.07321085110234063,0.051415978877057976,0.09811523692589222,1.9551159459921441,1.6929375694829363,2.4052579927240822,0.95,mean,qi,BIGC,2.1629648978768894,0.07265629751871933,1.9229383626080279,3023,7425.183362944517,0.2,2021_337,0.9355926045274979,1.0088034556298386,7.257196701079102
68,2.4193197051489412,0.8353626195677585,5.260254670382794,0.07635460349830513,0.0531620368405009,0.10212714090478485,1.9273276805998107,1.6684053987124772,2.3298573152246007,0.95,mean,qi,BIGC,2.185331331083675,0.07605749938072373,1.9024031261771,3185,7382.083819500876,0.2,2021_338,0.9325643671908255,1.0089189706891306,7.567961919295856
69,2.182291630496328,0.806245312086059,4.526983184390417,0.07921579519451032,0.05605214048638837,0.10427719719234042,1.95376541944693,1.6752202704114285,2.3460662883441823,0.95,mean,qi,BIGC,1.999113931340906,0.07903205682422386,1.931515472231674,3274,7340.966995910887,0.2,2021_339,0.8527371845624366,0.9319529797569469,8.499977672175024
70,2.248010955560652,0.8212657335229955,4.620788008690014,0.05787740512825233,0.038593266528073544,0.08088050770507693,1.8047278193111926,1.5035260867857843,2.177472348578315,0.95,mean,qi,BIGC,2.0888155803269832,0.05720557898755969,1.7857852627791777,2072,7302.400847170247,0.2,2021_340,0.8114095819233292,0.8692869870515816,6.658031926206439
71,2.2497679438852027,0.8448492405811395,4.7095120957719825,0.08806054296936741,0.0633398468105964,0.11676145131308324,2.547212360893401,2.236882846811509,2.946095908510975,0.95,mean,qi,BIGC,2.0650473233617905,0.08766034230957585,2.5266427214227516,3749,7947.636930437606,0.2,2022_22,1.146127343161224,1.2341878861305915,7.135100251668617
72,2.3274114643027057,0.8538607457264031,4.894635786857482,0.08863454841868415,0.061798703423844505,0.11733191599823868,2.460376801707187,2.187742338152899,2.859912366674128,0.95,mean,qi,BIGC,2.1526493204753603,0.08845950328170804,2.4368758631524656,3755,8012.680570296237,0.2,2022_23,1.1452618349595463,1.2338963833782304,7.183305633493758
73,2.4710586507248613,0.8946569448515278,5.105419131171357,0.0884719286376393,0.06251915881570544,0.11703556215506286,2.3319380687447198,2.0670897607218817,2.7200798804237043,0.95,mean,qi,BIGC,2.279844025294697,0.08818962089499133,2.3114327457667345,3711,8079.401425853102,0.2,2022_24,1.1524711475452534,1.2409430761828926,7.129410714774812
74,2.329467235479182,0.8623611821317859,4.867646638146908,0.09036727835713523,0.06555654637085936,0.1190720033116086,2.2474403299496197,1.9740527307747942,2.6690595436900737,0.95,mean,qi,BIGC,2.1307184259894725,0.08973027801080037,2.222981772809754,3795,8147.771060740386,0.2,2022_25,1.0470677224624323,1.1374350008195675,7.944830103876002
75,2.487162243762762,0.9125674312074228,5.315087442138503,0.08885174417426088,0.06409065893432052,0.11605560679754727,2.141784770762799,1.877028914218953,2.5396426870563427,0.95,mean,qi,BIGC,2.231278468102998,0.08844798979987115,2.114631815814035,3829,8217.760229016254,0.2,2022_26,1.0653932432214632,1.1542449873957241,7.697823698133049
76,2.5315884252083176,0.8930758174011107,5.4654067843185095,0.09314069443452372,0.06574216257192826,0.12344584753323656,2.1078339765151988,1.8571041415400829,2.5357885010122314,0.95,mean,qi,BIGC,2.2949135206438944,0.0926631007672739,2.074825105376445,3882,8289.338880166157,0.2,2022_27,1.0672336194413397,1.1603743138758633,8.026780093349075
77,2.4005879659878264,0.8421375342215623,4.968284362063684,0.09220659932572398,0.06573491239729415,0.12190546634652541,2.0053536360254283,1.7372946975418153,2.4863483842848324,0.95,mean,qi,BIGC,2.218274641630992,0.0915238115432799,1.9717157342003566,3704,8362.476165946071,0.2,2022_28,0.9628055612385151,1.055012160564239,8.739861280500337
78,2.5826814695035933,0.8949275281290447,5.59011183084047,0.10040714037314206,0.07227252625602636,0.13110034340850163,1.394107371473236,1.1442493728686622,1.836856641627707,0.95,mean,qi,BIGC,2.34482072172033,0.09994479070696326,1.3608491808476895,4376,9172.235305430397,0.2,2022_38,0.7201070549604578,0.8205141953335998,12.2370997289473
79,2.22720048279124,0.8276280875980006,4.631601294672267,0.10502190718741743,0.07534871967619727,0.13792242360148524,1.354593307740914,1.0574706739816764,1.8780005635730552,0.95,mean,qi,BIGC,2.044887292490389,0.10445537311183192,1.3168526656114756,4514,9450.294923225636,0.2,2022_41,0.6033901737972693,0.7084120809846868,14.824974052028852
80,2.501387998842617,0.8679231162359914,5.4909113030601135,0.10624841847845785,0.07776091818422999,0.139643925171863,1.388793664496701,1.100549639651745,1.924701606442865,0.95,mean,qi,BIGC,2.2902889480536532,0.10511309010236047,1.3456694472987532,4566,9549.0449609477,0.2,2022_42,0.6947823610481415,0.8010307795265994,13.263962034174208
81,2.264091277615282,0.9210718539201364,4.428233159337195,0.10908174356261055,0.07939516720931403,0.14100581989933014,2.9352363602671567,2.6495299836006176,3.342640917194287,0.95,mean,qi,BIGC,2.123237948079268,0.1089594102911845,2.9145512841154506,4744,10165.589174273584,0.2,2022_48,1.3291286082040195,1.43821035176663,7.584547241550561
82,2.1332191848356987,0.92944909301298,3.9850049769292535,0.11165321195169989,0.08115052396673973,0.14740462725450448,2.953861932070187,2.67028844512528,3.3576681174067127,0.95,mean,qi,BIGC,1.9875756220551577,0.11055570874976148,2.929234189329305,4754,10271.925171802752,0.2,2022_49,1.2602469885695935,1.3719002005212935,8.138581210883562
83,2.1407230704819535,0.9059317647305225,4.127466965060559,0.10091976082619031,0.07155580454616225,0.1337026508096866,2.9069812829956416,2.6271123483928984,3.311786745010989,0.95,mean,qi,BIGC,2.003154995872225,0.10039940621113844,2.8874522375913445,4199,10487.238389880316,0.2,2022_51,1.2446083795935998,1.34552814041979,7.500382771236909
84,2.6885789725694478,0.9274910566811736,5.968029904833562,0.03487836239028023,0.021701530335779488,0.05160245843849758,2.7775337112533243,2.489414131307408,3.0636540581200324,0.95,mean,qi,BIGC,2.4331160606859057,0.03413694896846646,2.773720978100555,1107,10596.118446504224,0.2,2022_52,1.4935237463356936,1.5284021087259738,2.282014804294774
85,2.52252058256809,0.9924392328649911,4.966135724055644,0.11712414206053491,0.08560021674165402,0.1528268869003608,2.947898557674859,2.703461018682426,3.302872819187429,0.95,mean,qi,BIGC,2.341249559808287,0.11676707682299156,2.929582386835564,5237,11263.408410756747,0.2,2022_58,1.4872269574115236,1.6043510994720585,7.300405883667034
86,2.21468326803287,0.9195813858921476,4.234996033728475,0.12497262515883778,0.09084305335699706,0.16376450134792866,3.0328408997374003,2.7490712330081353,3.4730629163248783,0.95,mean,qi,BIGC,2.072484813880778,0.12424024497114519,3.0040611257669942,5515,11376.489896152008,0.2,2022_59,1.3433563990508353,1.4683290242096732,8.511213978495329
87,2.394937649208084,0.9720188707743662,4.676792020277415,0.11939216530672972,0.08670514196782199,0.154706374024194,3.4344840143731203,3.1780888088309287,3.8106473548310045,0.95,mean,qi,BIGC,2.242395240988713,0.11905079496089957,3.411459639142989,5447,12406.070122982535,0.2,2022_68,1.6450750143251007,1.7644671796318305,6.766471299944599
88,2.5853807596773897,1.0612662243593434,5.15424381008253,0.13228675553298588,0.09753369818591111,0.16863775396651262,3.45421136739761,3.2071011863954744,3.8212797988855085,0.95,mean,qi,BIGC,2.4267565651894394,0.1323536070285699,3.432386826053036,6224,12520.861351827712,0.2,2022_69,1.7860903218257418,1.9183770773587276,6.895763981663177
89,2.49052715775076,1.031582927771898,4.756610824448234,0.130067087612895,0.0950638318116049,0.16759210314754108,3.4350992578982478,3.1700419447033252,3.808404088518228,0.95,mean,qi,BIGC,2.3508802974337963,0.12966851688307032,3.415310112594052,6023,12635.549359759447,0.2,2022_70,1.711041598273014,1.8411086858859091,7.064606701929115
90,2.6831313746673096,1.046204640253992,5.317082732864129,0.144871903816023,0.10815849471919546,0.18604731926291454,2.1896674121456816,1.9200912950671212,2.6822767706839588,0.95,mean,qi,BIGC,2.5117915221635148,0.14400251454840493,2.1489502145222197,6502,14001.130841846432,0.2,2022_82,1.1750330667229307,1.3199049705389538,10.975934408131502
91,2.3609410134137523,0.9799866437288953,4.506281671413081,0.14397568173275876,0.10558723451307012,0.18869355396157145,2.2768610720659987,1.9907909775732688,2.7890951497654783,0.95,mean,qi,BIGC,2.222160733279055,0.14313237620542235,2.2386521996531528,6543,14117.595211340027,0.2,2022_83,1.0751069373771642,1.219082619109923,11.810166060597133
92,2.5331107458181377,1.0052512900673856,4.999852425954277,0.14055043142398968,0.10360333361622741,0.1803957009749447,2.239007219017692,1.9666579500818866,2.7172127144201585,0.95,mean,qi,BIGC,2.371358193274971,0.13951338547250128,2.2037706416543394,6503,14233.324435953225,0.2,2022_84,1.13433064929162,1.2748810807156097,11.024591512888138
93,2.2588798189472894,0.9400751576069494,4.4505541585818245,0.13664275233804643,0.10037819888156896,0.17565527814156023,2.3234170267474243,2.0390291492720176,2.81762307751193,0.95,mean,qi,BIGC,2.1109808192938875,0.13652300992592833,2.288592632346284,6351,14350.130636234986,0.2,2022_85,1.0496639665436545,1.186306718881701,11.518332498938879
94,2.144769078915812,0.9017870844844473,4.098684005621797,0.15040615302165725,0.11079841647273402,0.1959879808187266,2.4630044708763745,2.1521051036412935,2.9479988766587204,0.95,mean,qi,BIGC,2.0195566210901204,0.14984958116322242,2.4337780505945714,6952,15096.139726480164,0.2,2022_91,1.0565151660734098,1.206921319095067,12.46196836877732
95,2.171273964256027,0.9123489043627653,4.092250904154291,0.14372570519033248,0.10739931695148511,0.1856828032789895,2.4273403955362176,2.138267608354711,2.9037201284949203,0.95,mean,qi,BIGC,2.050312351933921,0.14256371574245436,2.3931866539080207,6512,15217.033351931357,0.2,2022_92,1.0540842006429432,1.1978099058332756,11.99904129114272
96,2.99242374103676,1.1184180307671439,6.113289079643454,0.11679344274037745,0.08478442381430727,0.15503193438875096,2.336516150765068,2.1111602890963934,2.7256059870746494,0.95,mean,qi,BIGC,2.770227343509574,0.11580960952459851,2.304128643081244,4913,15336.844682415365,0.2,2022_93,1.3983692801730432,1.5151627229134206,7.708310201547327
97,2.472491304980913,0.9532906102640231,4.862947804868964,0.12324701591952571,0.08790046587542263,0.16201034567098635,2.4491708210639165,2.188099200756005,2.8918233941650446,0.95,mean,qi,BIGC,2.296101797903906,0.12243013359357928,2.4155048001876898,5357,15455.539238995058,0.2,2022_94,1.2111107118986997,1.3343577278182255,9.23642988309018
98,2.3840412415969605,0.9230991268739853,4.793447134189638,0.13984328234861773,0.10134726598528962,0.1807545726522786,2.4468414420344824,2.164550781865311,2.9072041479446646,0.95,mean,qi,BIGC,2.2354003913836813,0.14003382145111393,2.413242388338106,6551,15573.08376183483,0.2,2022_95,1.166674181891757,1.3065174642403747,10.703514202921452
99,2.7058776626452357,1.0973242142771835,5.03223600681549,0.1599430353232281,0.12004918712011109,0.2059889055528706,2.672009239054009,2.4194960154686975,3.0994070315617526,0.95,mean,qi,BIGC,2.5612580651725754,0.15855283300784712,2.642136688743678,7270,16142.47822402339,0.2,2022_100,1.4460260228675876,1.6059690581908157,9.959284987931829
100,2.0914535082788515,0.9482818676095528,3.8114192805259606,0.16755634173248066,0.12520483441965288,0.21568563278647676,2.7272678989015477,2.4150246532202146,3.226955020858681,0.95,mean,qi,BIGC,1.9953618138651632,0.1663548492826162,2.6984487586244894,7598,16468.455920786,0.2,2022_103,1.1407908030347869,1.3083471447672674,12.806718950900914
101,2.8920424725936047,1.1264603746643878,5.540942435369681,0.13303862411974782,0.09795421977970624,0.17578420308471165,2.4892839656741326,2.2703472993445177,2.8383522592950325,0.95,mean,qi,BIGC,2.7210592779797196,0.13192801498156365,2.4682697735230605,5839,16574.357907323967,0.2,2022_104,1.4398229910151665,1.5728616151349144,8.458380752609074
102,2.5681970847490585,1.0288083586594097,4.967496334270054,0.14700073294987784,0.10950159851880034,0.19125008496940263,2.575021836138148,2.307161531374939,3.012995577841971,0.95,mean,qi,BIGC,2.4277408893322505,0.14604528292933158,2.542505464291012,6641,16678.845466778424,0.2,2022_105,1.322632714547032,1.46963344749691,10.002544049351252
103,2.7319904611420793,1.0227111572396435,5.5292802933698235,0.16298766635666412,0.12046543594721472,0.2089927101677042,1.8502000154880136,1.5702933235575611,2.3909650748893285,0.95,mean,qi,BIGC,2.534819789269034,0.16241032059867355,1.8016068297586072,7909,17642.183974451822,0.2,2022_115,1.0109457587036361,1.1739334250603002,13.883893488107478
104,2.7079616372471706,1.0050344679651144,5.673295475842666,0.1242707932829049,0.09041976897806143,0.16461934393995933,1.795045169141511,1.545192604193863,2.2776568634947743,0.95,mean,qi,BIGC,2.4975000521542734,0.12313864544048592,1.75661149374212,5456,17730.07103323283,0.2,2022_116,0.9721826910322142,1.096453484315119,11.333886485893975
105,2.681735986585986,0.96030318379865,5.652539948011223,0.15940438995528275,0.11952162426848767,0.2041954963971826,1.8741968799183044,1.578506281067487,2.441987627637682,0.95,mean,qi,BIGC,2.4442976148480264,0.15861467181424063,1.8271663872101782,7733,17816.38303127233,0.2,2022_117,1.0052202437648183,1.1646246337201012,13.687190304923005
106,4.015516870604467,1.4327929563183999,8.01725977828673,0.16543402625214307,0.11975335977092375,0.21381329555869144,1.7471641743204422,1.5539148770454572,2.1461529432263013,0.95,mean,qi,BIGC,3.7823797839903173,0.165130402567836,1.7118215799037861,8215,17901.113428333745,0.2,2022_118,1.4031534435398918,1.5685874697920348,10.546687987637469
107,2.6658176736961297,0.9821339656801307,5.333414990214233,0.1680516711301591,0.12358100276364614,0.21545249492943644,1.8717279333108365,1.576681641987815,2.455718636669946,0.95,mean,qi,BIGC,2.4898670506933556,0.16774622927189572,1.8250924165548006,8174,17984.256617616542,0.2,2022_119,0.9979370809941518,1.1659887521243109,14.412803796261871
108,2.633995071050047,0.9850005446008535,5.504067778908356,0.16387337935572646,0.12133475056068707,0.20892811946382617,1.8683030883575014,1.5737310683061427,2.4192498573261414,0.95,mean,qi,BIGC,2.4110738823505775,0.16326559851989197,1.8225194805785399,8086,18065.807895837206,0.2,2022_120,0.9842202251922478,1.1480936045479744,14.273520791908464
109,2.55753540599767,0.9780208125717343,5.236976620395479,0.16609185154159342,0.12119577797685843,0.21360994213778908,1.88167622805205,1.5810211690061642,2.4368557089274594,0.95,mean,qi,BIGC,2.3676220483773434,0.16556088285480955,1.8379555788197632,8063,18145.763433548753,0.2,2022_121,0.9624907151734527,1.1285825667150462,14.716854259501392
110,3.4765644875251622,1.2053398021003294,7.226536052212318,0.16462014715076614,0.12011115001925336,0.21405878638825135,1.7906133492662075,1.5561573360537415,2.31503969909751,0.95,mean,qi,BIGC,3.1881233918137153,0.1638790420725279,1.7462677688210637,8152,18224.12024362087,0.2,2022_122,1.2450365561894774,1.4096567033402436,11.678031024198406
111,4.358732864331446,1.5173896081079898,8.269999029949284,0.17033704316963205,0.1255655248330533,0.21843271797427063,1.7230131805869646,1.549245177789496,2.105792062362866,0.95,mean,qi,BIGC,4.164449081059242,0.16968075638868405,1.6883424298439627,8401,18300.876150346696,0.2,2022_123,1.5020308351801313,1.6723678783497633,10.185381181664106
112,2.7701939493773535,1.0659516169442196,5.51759804828208,0.1745447638057408,0.12948935309837986,0.2256924192757618,1.89235357789714,1.6096037761034703,2.4117936028154805,0.95,mean,qi,BIGC,2.5973850255896256,0.1738627103136801,1.8481228225114754,8396,18376.02975713319,0.2,2022_124,1.048437286314649,1.2229820501203896,14.272062602109221
113,2.6593072594347187,1.0280649704623166,5.2153439447731404,0.1649264447408424,0.11897803086508411,0.21566295405138167,1.829723627784162,1.5609379521267854,2.3321875474757974,0.95,mean,qi,BIGC,2.490490337156899,0.16431329190159777,1.789977419998464,8082,18449.58041422673,0.2,2022_125,0.9731594652251302,1.1380859099659726,14.4915637120728
114,3.0859115426985695,1.1757191991410338,6.0723087942543215,0.1744003679735643,0.127970147861164,0.22556276614640247,1.9096234718392635,1.6591239732529828,2.3883303588452223,0.95,mean,qi,BIGC,2.8948722046014312,0.17331405299015334,1.8686515005780366,8414,18591.873816460924,0.2,2022_127,1.17858582279138,1.3529861907649443,12.890033110756491
115,2.709405696133257,0.980264192941869,5.643745516649598,0.12356267198774698,0.08995176791368023,0.16141715967258916,1.693205836826648,1.4306052771126285,2.1752130034077197,0.95,mean,qi,BIGC,2.4726374852648814,0.1225103337577771,1.6526167752377676,5274,18873.647849551315,0.2,2022_131,0.9175163078048398,1.0410789797925868,11.868712593963261
116,2.3979680608378886,0.903409784866975,4.832968783848028,0.16243930602100823,0.1190008540899456,0.20858792878105314,1.7122214995429663,1.4142479733332487,2.268210487777154,0.95,mean,qi,BIGC,2.2189685987158305,0.161939342022882,1.6648661211287892,8097,18943.17922876314,0.2,2022_132,0.8211704937967979,0.983609799817806,16.514608338702686
117,3.201705614388508,1.1568825641439555,6.687322982378327,0.17224468290826817,0.12546713644906027,0.22162287192279834,1.6727553789378715,1.4143158709790098,2.186168113150348,0.95,mean,qi,BIGC,2.9099360857131082,0.17159961148077463,1.6266652275042566,8654,19010.91830153184,0.2,2022_133,1.071134057648792,1.2433787405570602,13.852953833769014
118,2.66933562003704,1.0087907364938973,5.653140175081225,0.16792000393981601,0.1238934149201786,0.21620131498655157,1.7705948081268914,1.456625842015558,2.3370516383470306,0.95,mean,qi,BIGC,2.4354247777094287,0.16758586733039388,1.726610830209821,8502,19076.868183584796,0.2,2022_134,0.945262357997152,1.113182361936968,15.084680613123494
119,2.877630376117285,1.0223898987983748,5.995703268044906,0.16512311063713492,0.12069327465332813,0.21332362405409466,1.702634187033121,1.4342781184713942,2.2269805928075823,0.95,mean,qi,BIGC,2.6375129134940605,0.1642971927079701,1.6552943450915203,8044,19141.03255531183,0.2,2022_135,0.9799103712044535,1.1450334818415884,14.420810679838194
120,3.1553903135484567,1.0706078472398497,6.765847135774969,0.17048207149124422,0.1256554613600153,0.2194868837991742,1.7332052362157233,1.4693031969900123,2.2511408240750916,0.95,mean,qi,BIGC,2.853741952479605,0.16974192640000674,1.6862481093012964,8602,19203.415625450114,0.2,2022_136,1.0937878027493118,1.264269874240556,13.484626578929788
121,2.7301560230234743,0.9751240115269267,5.611356832594341,0.16829689059655042,0.12212100699960027,0.21675902759397783,1.7960776314646874,1.5129155794335942,2.348666355132788,0.95,mean,qi,BIGC,2.510718398295542,0.16780952787880662,1.7509392615555326,8577,19264.022096042463,0.2,2022_137,0.9807144326722105,1.1490113232687609,14.647104618409816
122,2.924224755345646,1.1109269555258379,5.835825456258949,0.17345491585062778,0.12734884381051265,0.2252097273516726,1.8199114625612962,1.5540108603065517,2.3195809400152396,0.95,mean,qi,BIGC,2.7167190226782036,0.17208621242546746,1.777835128038217,8617,19322.857126033472,0.2,2022_138,1.0643660302718088,1.2378209461224365,14.012924598988878
123,2.6544625986160257,1.0219339953649185,5.334752699152626,0.17124058484360005,0.12676965833745046,0.2191964241641259,1.8683424154173376,1.5798818876710425,2.398605602249141,0.95,mean,qi,BIGC,2.4773628139310673,0.170257141480022,1.8239447413021421,8431,19379.926296891004,0.2,2022_139,0.9918890126266497,1.1631295974702498,14.722399396940805
124,3.3563201538948353,1.1748092947105517,7.237213015163686,0.1734658418712829,0.12786805763036194,0.22140845140774404,1.8615643781175732,1.6157735812556946,2.347157043953197,0.95,mean,qi,BIGC,3.0561734849720184,0.17342904960150474,1.8182561870966136,9034,19435.235576808438,0.2,2022_140,1.2496012080097434,1.4230670498810263,12.18957616127682
125,3.0153199356755787,1.0767516759600644,6.446380857293932,0.1721233272438919,0.12328899515926778,0.2224743956911021,1.88606957752642,1.6143206127950167,2.406030747881104,0.95,mean,qi,BIGC,2.756485456544951,0.17177200712813778,1.8437771947666635,8895,19488.791286714957,0.2,2022_141,1.1374206394373263,1.3095439666812183,13.143760852879542
126,2.7770256023112614,1.024931155840903,5.683635214298459,0.16794406056365727,0.12254619499967556,0.2135746065095003,1.8736964615205793,1.5828376406332028,2.423289302985392,0.95,mean,qi,BIGC,2.579711513001837,0.16762515860723562,1.830864793819342,8620,19540.600065391,0.2,2022_142,1.0406606089205332,1.2086046694841905,13.895698469817479
127,3.1466606604475826,1.1255216193870206,6.62680400822859,0.1586639615816311,0.11591480389990723,0.2045095847353948,1.8899248903368835,1.645016534076605,2.365878131515002,0.95,mean,qi,BIGC,2.857892884251084,0.15812062556262663,1.8539936759739137,7670,19773.690396082355,0.2,2022_147,1.1893904607247565,1.3480544223063875,11.769848379724372
128,2.8579600198883575,1.0280127620881767,5.970853727013056,0.15178080272160016,0.10972663661812439,0.19686055689064394,1.87247848823275,1.6100010638007964,2.3746287137129856,0.95,mean,qi,BIGC,2.6346496706219247,0.15114961601806554,1.8288042443418906,7099,19818.83731965322,0.2,2022_148,1.0702937314940384,1.2220745342156385,12.419930083807639
129,2.6182139235860364,0.9532677150325092,5.340949519797116,0.14413772574796474,0.10460035400832184,0.18599770937725663,1.7747382305276493,1.505650042759693,2.257946931858471,0.95,mean,qi,BIGC,2.402120484144123,0.1438230512921279,1.7344421336322327,7030,20097.590778197322,0.2,2022_155,0.9293288691775873,1.073466594925552,13.427313567960734
130,2.9650648857322497,1.0512588050872103,6.427565544617717,0.16089940984159415,0.11778378967676299,0.20678088551039286,1.8301061355124544,1.5624260670254646,2.3518284881489233,0.95,mean,qi,BIGC,2.7117857616848955,0.16030366312004213,1.7808420033170393,8047,20243.422827506627,0.2,2022_160,1.085276687914225,1.2461760977558192,12.911450486921588
131,3.5307682382931493,1.3107402686723724,6.9662676397070395,0.17885396742907744,0.1302680126020169,0.23164497460330769,2.038841299340246,1.8171074746335498,2.4484494856333443,0.95,mean,qi,BIGC,3.295766263590436,0.17772445328053554,2.002773162473544,9164,20404.162171613265,0.2,2022_170,1.4397352205261753,1.6185891879552528,11.049991483942991
132,2.7843836411711598,1.2605369773373165,4.891191352221636,0.20503244374670182,0.1521234571836596,0.2700027084882776,2.469520214557638,2.2024603879629843,2.902483144850687,0.95,mean,qi,BIGC,2.6827225204693415,0.20238332202262846,2.440684633501453,8693,20049.378116312262,0.2,2022_195,1.3752183373911562,1.5802507811378579,12.974677576116648
133,3.1207809033174763,1.3740798730028363,5.4866346705941105,0.1940756254408999,0.14430812813818342,0.2544029492036497,2.3431788559024995,2.123046788555674,2.7137581779546887,0.95,mean,qi,BIGC,3.047225605335634,0.19243433410781224,2.3162502945509704,8516,20012.423042577342,0.2,2022_196,1.4625095653115627,1.6565851907524627,11.715402656276668
134,2.2105048398768297,1.0101347944325398,3.7817950602538346,0.1850571069667113,0.13691363238098525,0.24434719156095738,2.5426058289312214,2.248898973243668,2.9598532231690684,0.95,mean,qi,BIGC,2.1457617194740477,0.1833174526440078,2.5206844124427166,8027,19651.95014279426,0.2,2022_204,1.1240884981503008,1.309145605117012,14.135716168116442
135,3.058816161310702,1.558356038160324,4.912688843756093,0.1939509142334745,0.14481436551715107,0.2565922329711573,2.365568607326019,2.142254110925236,2.7222683602229427,0.95,mean,qi,BIGC,3.008896347554047,0.19119372123058598,2.343812705970634,7841,19598.708255522055,0.2,2022_205,1.4471678973556152,1.6411188115890898,11.818212847470347
136,2.3577412092547174,0.9867153495880505,4.249620432814245,0.18301712418204247,0.13420631202571073,0.2441604747340631,2.472229867316774,2.1634432191323154,2.9712155428866374,0.95,mean,qi,BIGC,2.2438615018820727,0.18113548647293334,2.4307820575019985,7884,19543.631134228388,0.2,2022_206,1.165775647384616,1.3487927715666583,13.568957963013343
137,2.6479906977833627,1.1998137984523178,4.79997723427352,0.16585771489411838,0.12487542218722734,0.2185158647385495,3.0088097620711802,2.7504393991572993,3.4277861623090597,0.95,mean,qi,BIGC,2.5235384567149524,0.1641731930939307,2.981730851717714,7171,18633.389190872564,0.2,2022_221,1.5934600522728517,1.7593177671669702,9.427388160877786
138,3.0951365568780873,1.3275584828254756,5.711278055945744,0.17369208222633478,0.1287697671607159,0.22387347886466677,3.117840940944218,2.8916509368348167,3.5290056571255417,0.95,mean,qi,BIGC,2.943082563630174,0.1724111611127743,3.086968099932255,7954,18563.733364113257,0.2,2022_222,1.9300286949695247,2.1037207771958593,8.256422815667415
139,2.938466766076413,1.3019813531644935,4.865746136332893,0.1846834786638238,0.13894706992400835,0.24424945886435387,3.091482562385242,2.873996220405686,3.411182575289756,0.95,mean,qi,BIGC,2.8880488224004903,0.18292488757075231,3.076130005508598,7822,17948.023341546213,0.2,2022_230,1.8168437534947568,2.0015272321585806,9.22712794992296
140,2.615181258823273,1.179364658193547,4.553613221631666,0.17178460675084464,0.12763018224419698,0.224962094213514,3.2087445771872636,2.95982414008908,3.5909068196269547,0.95,mean,qi,BIGC,2.5360663624918596,0.17014109057637436,3.183093404736453,7642,17863.766108404816,0.2,2022_231,1.6782897365221878,1.8500743432730324,9.285281284801474
141,2.6518656102902973,1.2154310917840412,4.5836872079577615,0.18052549370373805,0.13462047741412508,0.237037228638445,3.235577887301881,2.985478072156538,3.607631390865311,0.95,mean,qi,BIGC,2.5567421026830788,0.17893652251678205,3.212109141552601,7799,17777.899021867022,0.2,2022_232,1.7160635457503188,1.896589039454057,9.518429662321745
142,2.754177574579555,1.3128084977401029,4.67352650833175,0.18565238893698727,0.13821048758965482,0.2467703158037555,3.2326537551527847,2.9873518499852776,3.6229829600027728,0.95,mean,qi,BIGC,2.6825513614485397,0.18344024350139673,3.2066637942378717,7628,17690.42789595631,0.2,2022_233,1.7806604957644376,1.9663128847014248,9.441650430174427
143,2.6490680258468235,1.2777637344006794,4.437056645520813,0.18679516371534602,0.1383851484324079,0.24724610908125552,3.245423266686475,2.9933451020343758,3.6260388244267645,0.95,mean,qi,BIGC,2.5759080397424965,0.18449558693233975,3.2212888001368047,7572,17601.359546225038,0.2,2022_234,1.719469401223698,1.906264564939044,9.799015684967062
144,2.8058214391915315,1.2781146027880814,4.968917945635231,0.17695360364139828,0.13260841370828003,0.23262892825245446,3.5332861030211764,3.282331151694172,3.9281223716287474,0.95,mean,qi,BIGC,2.6864193160347516,0.17523175292549942,3.506648967051217,7544,17324.654958771658,0.2,2022_237,1.9827539797308633,2.1597075833722617,8.193405672313064
145,2.3867791757996155,1.1167387992584004,4.043785094413101,0.17942747687257118,0.13383317112572554,0.23854140896750778,3.5762249072573646,3.302257388617481,3.968430483562363,0.95,mean,qi,BIGC,2.3170584205404365,0.17732416389459546,3.554519823472478,7531,17229.286936402947,0.2,2022_238,1.707131827323558,1.8865593041961293,9.510831516055942
146,2.310845764943788,1.1065503315669978,3.954897277213126,0.1763801132007719,0.13221369379399694,0.23098821703781994,3.5775532649293504,3.295700848059938,3.975614486509217,0.95,mean,qi,BIGC,2.218787933922224,0.1745421578616305,3.553463360644681,7534,17132.37181391212,0.2,2022_239,1.6534347622245624,1.8298148754253343,9.639232666079018
147,3.0284928289424613,1.4494174114225569,4.9410437892065335,0.16971589498315967,0.12733280345367495,0.22434312196253467,3.795099386885932,3.5823654749080345,4.096680633247695,0.95,mean,qi,BIGC,2.982565944348917,0.16774679164655804,3.7779594579324565,7009,16625.10153134598,0.2,2022_244,2.2986862556615955,2.468402150644755,6.87553666807612
148,2.938825792713585,1.4715832831931532,4.785635967615455,0.1745599293432699,0.12842080481563226,0.23606996817500242,3.554502793870901,3.32891965976423,3.8906267781898114,0.95,mean,qi,BIGC,2.877055911757194,0.17183197348539264,3.537834694373953,6848,16303.220522498828,0.2,2022_247,2.089212898180061,2.2637728275233306,7.711017961738074
149,2.117712076276445,0.91475074347851415,3.9259430649370697,0.16780736346080682,0.12236893084587842,0.23242035270561778,1.6675753510391822,1.3048654818450465,2.2699570449909476,0.95,mean,qi,BIGC,2.0133403222004587,0.16376873246957122,1.6238702506229632,6043,15854.828940970256,0.2,2022_251,0.7062888917993217,0.8740962552601286,19.197812878270234
150,2.011411413738033,0.8829341234087157,3.6608624909318115,0.16259635006022438,0.11977683725971888,0.2200123281848191,1.5995613011873973,1.2694892071871549,2.188020715646617,0.95,mean,qi,BIGC,1.9406057366888625,0.16040284138634825,1.5574296504575829,6128,15739.473008458357,0.2,2022_252,0.6434751716363981,0.8060715216966226,20.171454478132528
151,2.134581045335257,0.7842473360680393,4.480106727709348,0.1473744962473335,0.10944236450987624,0.19132696664691287,1.0604533721621088,0.6335494077635521,1.8829370188477075,0.95,mean,qi,BIGC,1.925104841261001,0.14643313947286724,0.9899634590983013,6680,15144.659310529576,0.2,2022_257,0.4527247335358186,0.6000992297831521,24.55835450756832
152,2.5899463611465574,0.8599443881677797,5.816469721411307,0.14412926726321518,0.10722613227586558,0.18574721396891475,1.04511866396544,0.7062504778766583,1.7897538011986323,0.95,mean,qi,BIGC,2.3341296204348225,0.14335101429541777,0.9798917189756629,6611,15026.926105121573,0.2,2022_258,0.5413602561407286,0.6854895234039438,21.02574325972346
153,2.1258902922976026,0.7849931172808364,4.504079378711785,0.14319781586303598,0.10583482426523388,0.18402074055580256,1.1562046185720434,0.7858439154259144,1.8608810303191756,0.95,mean,qi,BIGC,1.9200060399170797,0.14254765462070002,1.0963900854877369,6516,14916.373701935707,0.2,2022_259,0.49159283490639194,0.6347906507694279,22.558274241982982
154,2.0705745055415026,0.8097967356477319,4.255931493119941,0.1450572701905863,0.10763648600626312,0.1882931350428235,1.3472958912422346,0.9345927087263427,2.080593000922727,0.95,mean,qi,BIGC,1.9047569005199148,0.14450242597996182,1.2878007510107574,6513,14116.93565027084,0.2,2022_266,0.5579353047653977,0.702992574955984,20.634253526741542
155,2.2241304148688115,0.8333203797895768,4.597426917957625,0.14252510112744413,0.10448675874505962,0.18682102281812052,1.5001477579626885,1.1131007658288512,2.210251223454394,0.95,mean,qi,BIGC,2.0480050882541905,0.14162602257389215,1.4423439538220704,6227,13999.512942550107,0.2,2022_267,0.6673048510564143,0.8098299521838584,17.599386234492616
156,2.1338804756104177,0.8254543084781113,4.3097622667181215,0.1394028430392016,0.10350542013087255,0.1823537647812465,1.5089297838161544,1.1698670197762473,2.122279091312933,0.95,mean,qi,BIGC,1.980394345959873,0.1383513175879782,1.4575105442738772,6020,13881.40298556727,0.2,2022_268,0.6439751609504681,0.7833780039896697,17.795092832481405
157,3.000014548430735,0.9887358047588141,6.694631258161123,0.08678542786711813,0.061731281133441784,0.11771511379464882,1.3396046862790556,1.1065102037097774,1.7651580718870192,0.95,mean,qi,BIGC,2.672032459380215,0.08591282376258874,1.3025094958249837,3387,8750.407613564523,0.2,2023_33,0.8037667095966315,0.8905521374637497,9.745125997258162
158,2.977107693696637,0.9679535629682975,6.7966345129849755,0.07096094727642824,0.049000376825158086,0.09869067287417342,1.3673036831356196,1.1361084933918064,1.8224953669022925,0.95,mean,qi,BIGC,2.664361393618865,0.07031197599138544,1.3261013019794472,2637,8832.205300429443,0.2,2023_34,0.8141220629365604,0.8850830102129886,8.017434122857248
159,3.562701986629219,1.1354124443797542,8.038201474203493,0.09577083837802569,0.06827766697198523,0.1267608791579715,2.0591682833479563,1.87339031644811,2.3769977350077927,0.95,mean,qi,BIGC,3.2319357735786705,0.09511953181261128,2.0335277771020275,4070,9450.294923225636,0.2,2023_41,1.4672405867775284,1.5630114251555542,6.127328107566096
160,3.405961405958711,1.0778179010406408,7.647370336216859,0.1019045330516225,0.07355830010506115,0.13315665635371002,2.015746873067382,1.8103687581384373,2.3668331726366523,0.95,mean,qi,BIGC,3.0135378784533544,0.10104835930702791,1.9878686859023569,4364,9649.014954686281,0.2,2023_43,1.3731112107698913,1.4750157438215137,6.908708159792606
161,3.622274363932494,1.143597202274295,8.1735380918818,0.10424637430161203,0.07484836756400068,0.1368071769449697,1.9209244427430145,1.728139753370414,2.2573889011145676,0.95,mean,qi,BIGC,3.273297426893339,0.1040597082806996,1.8933352904300533,4591,9750.16055240122,0.2,2023_44,1.3916230727998666,1.4958694471014786,6.96894869425995
162,3.6191672907694126,1.1675757054585683,7.701010863838084,0.10499038805204587,0.07522029891515356,0.1373144049960894,1.8033992102985499,1.6200917737386882,2.1370962074178244,0.95,mean,qi,BIGC,3.2989774998694164,0.10450119045748571,1.7785710019055625,4703,9955.797839476392,0.2,2023_46,1.3053606868223804,1.4103510748744263,7.444273268015478
163,3.452503304201687,1.03086495825953,8.001335545503485,0.0993679412820581,0.0725985605927972,0.1297421822062535,1.7378445378808216,1.5358279724905004,2.1015332764712364,0.95,mean,qi,BIGC,3.0324226012498814,0.09875373085362314,1.7064663849963633,4273,10060.197601096705,0.2,2023_47,1.199982801844478,1.299350743126536,7.647507172925151
164,3.546162206618493,1.1356601222945797,8.122878981090203,0.09880944195535861,0.07022804273808039,0.1292502355589637,1.7238356723365678,1.525946514251938,2.1345729547162473,0.95,mean,qi,BIGC,3.139217124537063,0.09862938255613135,1.690148908154706,4214,10165.589174273584,0.2,2023_48,1.2226001823321433,1.321409624287502,7.477578499447982
165,3.358148286119476,1.0822932695092597,7.324189277295893,0.10875797120238131,0.07835949951727873,0.14083158861825754,1.7364365588510544,1.5284315315825963,2.1273169025149903,0.95,mean,qi,BIGC,3.0691988601297355,0.10860394123457393,1.7050310562257138,4658,10271.925171802752,0.2,2023_49,1.1662422908121737,1.275000262014555,8.530035204113531
166,4.200339100215873,1.2509236408162165,9.522827279669325,0.11232886531261409,0.08097591166959771,0.14689262564928174,1.7053113212150857,1.5285888227440816,2.087112951703394,0.95,mean,qi,BIGC,3.8084914831470265,0.1116289979636316,1.6717601072056343,4827,10379.157698806594,0.2,2023_50,1.432577164108103,1.544906029420717,7.2709189538688825
167,3.436623040605807,1.112652185994794,7.4952675166176705,0.09826295265083122,0.06919822970347085,0.13027981724499563,1.6973579579849196,1.4952918284632635,2.073823275245569,0.95,mean,qi,BIGC,3.1386509914246785,0.09750932288140793,1.6687887136371158,4041,10487.238389880316,0.2,2023_51,1.1666358933133196,1.2648988459641508,7.7684435371534954
168,6.540473403712688,1.8158210677189164,13.766651400366248,0.15022226663833005,0.10632828854327947,0.2012226904756755,1.5856372551841698,1.4607246614866143,1.9037213409100124,0.95,mean,qi,BIGC,6.115703465723472,0.14913116714619312,1.5540112103102677,7179,15096.139726480164,0.2,2023_91,2.07416365909361,2.22438592573194,6.753426413130133
169,4.179624721747413,1.1833442134979506,9.502057629606599,0.12385686088283543,0.08837361867549424,0.1620428141132041,1.6219692854690502,1.4362426261724783,2.0644557754215755,0.95,mean,qi,BIGC,3.706129206857483,0.12365920107551341,1.579810125435287,5649,15217.033351931357,0.2,2023_92,1.355844584692286,1.4797014455751214,8.370395342466905
170,4.175842737507281,1.1602490511338341,9.760199330815784,0.14518954857015742,0.10563099640174248,0.18808457053638408,1.3716286979376253,1.1663383208817715,1.8644077109360206,0.95,mean,qi,BIGC,3.6521037962971254,0.14470535963851128,1.3220660018050987,7276,15689.446220836267,0.2,2023_96,1.1455411473678803,1.2907306959380378,11.248632191600667
171,5.0518224141156445,1.3321685333885094,11.516330150015207,0.13383939727940714,0.09511521574502065,0.17653596473539773,1.4727032745760922,1.3186592537602138,1.8235756422552198,0.95,mean,qi,BIGC,4.505555493988474,0.13295801706997634,1.438893118904441,6532,16252.49336992616,0.2,2023_101,1.4879670823690019,1.621806479648409,8.25248874997849
172,1.8941162281412505,0.8068827614940447,3.5473188430085276,0.11941680716154014,0.08648631533228723,0.156891579745837,2.108248630205682,1.78452783695316,2.5887220127051216,0.95,mean,qi,BIGC,1.8105792544295745,0.11873432800468095,2.07724459997273,5045,11167.498218274355,0.2,2023_291,0.7986535886858289,0.918070395847369,13.007369337001627
173,2.1882272319607816,0.8629192904780689,4.41164761609951,0.11609128404040174,0.0857561817667745,0.15230485648018505,2.0063663496383826,1.7163188841288881,2.4602016916079497,0.95,mean,qi,BIGC,2.013302953205031,0.11479911320038641,1.9750249951670709,4901,11054.687470430435,0.2,2023_292,0.8780770967136912,0.9941683807540929,11.677225537221835
174,2.311597823049846,0.9218870943921871,4.604096491144412,0.11428799073416547,0.08409857250692546,0.14999519808498413,2.1066030719952185,1.810432663592185,2.627828117170838,0.95,mean,qi,BIGC,2.139032272849418,0.113480549140037,2.0709131016526214,4757,10942.43774081183,0.2,2023_293,0.9739238150508531,1.0882118057850185,10.5023663708298
175,2.2953133683122062,0.9077735988762065,4.587335360214964,0.11176181996448906,0.08091907726627533,0.1463174781386501,2.0542054761078026,1.781156721282888,2.5446806465499345,0.95,mean,qi,BIGC,2.1426973055859504,0.11108652813121955,2.016123973142842,4689,10830.800079491892,0.2,2023_294,0.9430090581140759,1.054770878078565,10.595838611706952
176,2.366769349760738,0.9204386457085126,4.843384286998681,0.10050557766979384,0.07261768309718104,0.13478403236879183,2.1563788968255726,1.8765732915723055,2.6225104305217295,0.95,mean,qi,BIGC,2.1879087838312783,0.09942283509962233,2.118349722899934,3960,10283.757495215388,0.2,2023_299,1.0207302958955276,1.1212358735653214,8.96382108701221
177,2.4669054638902934,0.957842553407825,4.938364568000692,0.10649309901378175,0.07603652281011106,0.14247258273461094,2.1655711970402245,1.9126533950278193,2.612299144415097,0.95,mean,qi,BIGC,2.3146064982872034,0.10583685597930771,2.1314482948543656,4299,10185.749506921165,0.2,2023_300,1.0684518836843946,1.1749449826981764,9.063666859466732
178,2.3456351072505828,0.95757217070862,4.570625543874945,0.11525833419265653,0.08434826019229229,0.1516598047109205,2.2997195001855446,2.0115185770169295,2.7504750478188797,0.95,mean,qi,BIGC,2.19343815357049,0.11415913784419882,2.2682044899638294,4703,10088.4997897855,0.2,2023_301,1.0788605592927953,1.1941188934854519,9.65216569484425
179,2.148923886379982,0.8872988218732129,4.108767564009259,0.11632815777718869,0.08359759411183236,0.15484004390775624,2.3176947658530493,2.028696752771407,2.7721587003006527,0.95,mean,qi,BIGC,2.020192072327241,0.11537494171372842,2.2884642148183674,4765,9992.05289941212,0.2,2023_302,0.9961099287358955,1.1124380865130843,10.457045581908927
180,2.1960631518811327,0.8748871712813734,4.227830949901299,0.11117192375744972,0.08106778611394756,0.1449748830066983,2.2364541459878997,1.952033939496705,2.670795354605958,0.95,mean,qi,BIGC,2.05414803146298,0.11036005526330522,2.206468241582021,4622,9896.452980334077,0.2,2023_303,0.9822789081751628,1.0934508319326126,10.167071121154997
181,2.176311036536038,0.8865557267055879,4.256881516488973,0.1039661764275182,0.07427594524286352,0.13908210827894232,2.1951750447407457,1.9110268609023249,2.61774048441211,0.95,mean,qi,BIGC,2.034336100328182,0.10276818893192949,2.1709646678375765,4135,9801.743732514704,0.2,2023_304,0.9554767353995551,1.0594429118270734,9.813287272668825
182,2.0252875543765856,0.8140753053348839,3.941666654103348,0.10425789955832787,0.07581807346443255,0.139632395940684,2.2352994127413295,1.9247763405926355,2.712600310553182,0.95,mean,qi,BIGC,1.9071895650937112,0.10318171082677205,2.2024489771378137,4141,9707.968379543658,0.2,2023_305,0.905424816186061,1.0096827157443888,10.325808091254064
183,2.455654167379657,0.9986888981497252,4.696026697446693,0.10902816808409573,0.07926726444628535,0.1455129609138404,2.2034924183000646,1.9390275501183818,2.6049527100036087,0.95,mean,qi,BIGC,2.306033755778954,0.10771283413247108,2.1748994028861364,4187,9615.169637628816,0.2,2023_306,1.0822030679576062,1.191231236041702,9.1525612144273
184,2.468920477265281,0.943631376251895,4.894478412421454,0.10053126245906638,0.07172812038857633,0.13579266982185242,2.1248266410803636,1.8699395123563307,2.536195836527743,0.95,mean,qi,BIGC,2.307896165226965,0.09980402448880421,2.101371091991311,3999,9523.38968673555,0.2,2023_307,1.0492056009604231,1.1497368634194896,8.743849628346382
185,2.2858879481676064,0.8941595411327579,4.650613453293781,0.09449543785655036,0.06751437239769702,0.12655618877966876,2.133560353130123,1.8545471019420312,2.5778169496197436,0.95,mean,qi,BIGC,2.122256223541675,0.09386447743240625,2.104841215055518,3763,9343.052030217092,0.2,2023_309,0.9754159795816743,1.0699114174382247,8.832080517731871
186,2.7599596276807348,0.9865910505068446,5.602126149844354,0.09797253377006357,0.06952431668170908,0.13140313157820202,2.129446267797608,1.8865362310377738,2.500147502394904,0.95,mean,qi,BIGC,2.5749700482002122,0.09720860319620604,2.109235934274696,4056,8996.392387411033,0.2,2023_313,1.1754371456873631,1.2734096794574268,7.693716747292797
187,2.0990918298121186,0.7769796281675913,4.327129806105246,0.09660188548943358,0.06955290287299351,0.12850074732611325,2.1413287189084507,1.8479911748024827,2.5952629931219953,0.95,mean,qi,BIGC,1.9391149500266502,0.09608246154262949,2.1160953490331385,3849,8912.874489713657,0.2,2023_314,0.8989691237605559,0.9955710092499895,9.703163771533315
188,2.198032504343248,0.8646060170042126,4.377370198377727,0.09963859776025154,0.07104177892840066,0.13536337970092324,2.136855841516202,1.8446986239525187,2.5935868539199314,0.95,mean,qi,BIGC,2.0522995784336118,0.09862804201898596,2.1085804579633916,3793,8830.690487055974,0.2,2023_315,0.9393757193496711,1.0390143171099226,9.589723271321416
189,2.3526590974673782,0.9026729642389691,4.768085709067199,0.09040503044520096,0.06395647126959436,0.12253628804568652,2.026849035442537,1.7642393320169787,2.4752518203158758,0.95,mean,qi,BIGC,2.182907265846988,0.08949034151608551,1.9978016897215334,3489,8670.468533205109,0.2,2023_317,0.9536969644853729,1.0441019949305739,8.658639757815262
190,2.163019231742994,0.8528854673965671,4.1237664931518125,0.091015702981333,0.06521552328035203,0.12272087017806474,2.0538336074095525,1.7656747937146953,2.5038674381494372,0.95,mean,qi,BIGC,2.039631505710065,0.08982281247840163,2.023910770852747,3513,8592.500880549349,0.2,2023_318,0.8884963183253904,0.9795120213067234,9.291943437295746
191,2.053565475722476,0.741900161110467,4.289767544346984,0.08874845884444042,0.06335857151192886,0.11765250151733249,0.9149272109838511,0.6012081217826791,1.4549172692864705,0.95,mean,qi,BIGC,1.8755685704025815,0.08804195013212487,0.875625404547961,3578,8089.81608271302,0.2,2023_325,0.37577258665509805,0.4645210454995385,19.10536878883534
192,2.021377573190283,0.6896492855242777,4.318610579152798,0.08616299275802052,0.06108834597354849,0.11519620868484266,0.8303696177221301,0.5043369259836427,1.4353380582239443,0.95,mean,qi,BIGC,1.8634578110501343,0.08566529039318996,0.7827346494003451,3485,8024.529025267242,0.2,2023_326,0.3356981045444205,0.42186109730244103,20.424493585443944
193,1.9887393115702725,0.7072402596585848,4.437035578917316,0.08847118644197943,0.06270614379031658,0.1181854368948256,0.9079446275645728,0.5538103765286436,1.5933206405215843,0.95,mean,qi,BIGC,1.793943659362077,0.08751894847619943,0.8548396809961876,3480,7960.959474511852,0.2,2023_327,0.36113303471333924,0.4496042211553187,19.677570244923587
194,2.1611751037549203,0.7254685170868149,4.77341581861376,0.0730041842434984,0.04949544504443042,0.10205988404081395,0.840652746253293,0.5310306937617814,1.418769659025654,0.95,mean,qi,BIGC,1.9601918873447697,0.07198009112325529,0.7891275601956271,2658,7899.134108613245,0.2,2023_328,0.36335955722116386,0.4363637414646623,16.730121526242904
195,2.289209612307016,0.768659137963031,5.132662088606559,0.0877314161146362,0.06299640988712349,0.11613813335356488,0.934287237265072,0.6285199166475677,1.5214295575287267,0.95,mean,qi,BIGC,2.06752184282458,0.087089542055515,0.8810731423325364,3538,7839.078772542627,0.2,2023_329,0.4277558648405937,0.5154872809552299,17.01912333356983
196,2.2089450251875062,0.77435272081772,4.889284937133908,0.08711676856349498,0.061581657659295935,0.11739924565017966,1.0077361486417993,0.7099408576566902,1.5776985675333162,0.95,mean,qi,BIGC,1.9939635919332206,0.08622438968759721,0.959201769875577,3475,7780.818476838256,0.2,2023_330,0.445206750448784,0.532323519012279,16.36538034711284
197,2.00898062450876,0.721502913339093,4.2323302571576,0.07338273607998898,0.05055479421800757,0.10268390457464367,0.9385860361216948,0.6244010820910274,1.4870031386071898,0.95,mean,qi,BIGC,1.8556577540097539,0.07204105935747143,0.8969824446683217,2678,7470.248076451942,0.2,2023_336,0.3771202322005928,0.4505029682805818,16.289068274081785
198,2.321221824393835,0.8137600054594177,4.936004935162194,0.05069255371406591,0.03288214461912605,0.07384522568665669,0.8033831260914465,0.5296917705347651,1.2304241976556785,0.95,mean,qi,BIGC,2.1189140240034403,0.04977040949414683,0.7745895679775836,1706,7425.183362944517,0.2,2023_337,0.372966089126642,0.42365864284070787,11.965424185415683
199,2.354901642211074,0.8542916232061889,4.945475334255762,0.07441364192580174,0.052211293460145636,0.10226547753997038,0.9089228529174642,0.6197236335694892,1.4436940580343158,0.95,mean,qi,BIGC,2.1378717952766606,0.07356071896989802,0.8654180482737313,2755,7382.083819500876,0.2,2023_338,0.4280847837957022,0.5024984257215039,14.808731354522386
200,2.4801815327118986,0.8656611243263184,5.482171851776283,0.08080816242672324,0.05657381136742775,0.10846346612762264,0.9605941951200269,0.6875496711555886,1.5060585016150843,0.95,mean,qi,BIGC,2.246879871352017,0.08020639195040305,0.9137943820067478,3170,7340.966995910887,0.2,2023_339,0.4764895966333882,0.5572977590601115,14.499997732452226
201,1.9869395555680474,0.711573723141309,4.015085211306835,0.06282731927327426,0.041907323659336485,0.08661437903416988,0.8525606598372368,0.5294471176260275,1.3779529095980256,0.95,mean,qi,BIGC,1.8229526341721165,0.06226381694833294,0.8150792121907469,2310,7302.400847170247,0.2,2023_340,0.3387972997103601,0.40162461898363433,15.643293837979186
202,2.1884389445747834,0.7755081695085426,4.939896904758631,0.06921473788263578,0.04721921694397042,0.09618152061815145,1.0142069503710356,0.7049708505954182,1.5992334944294142,0.95,mean,qi,BIGC,1.9522699672857828,0.06839210780896499,0.9624857531664408,2547,7271.193563506975,0.2,2023_341,0.4439059976100798,0.5131207354927156,13.48897697852212
203,2.0041570963916606,0.7544542394967926,4.076648864050323,0.07646396509753188,0.05312527200144481,0.10467944243570548,1.1113960428754313,0.7919963888564984,1.6314099545279355,0.95,mean,qi,BIGC,1.8511499148197612,0.07547246675507274,1.073984295343582,2868,7188.998670524168,0.2,2023_344,0.4454824532460812,0.5219464183436131,14.649772928836029
204,2.589179392320438,0.8854476688982826,5.726433622536587,0.07972615229494842,0.05548691074056538,0.10848937706805196,1.1301184787446965,0.8741630320821872,1.6266051232191174,0.95,mean,qi,BIGC,2.329882500642979,0.07910682407266895,1.0892779937750974,3114,7165.4436605810915,0.2,2023_345,0.5852158952092583,0.6649420475042067,11.98993996457173
205,2.5497116253059122,0.8199958827526541,5.727354108606887,0.07779959494885103,0.05465793322470914,0.1036288655169078,1.2427153584945902,0.9683976770342408,1.7675752886643281,0.95,mean,qi,BIGC,2.2686783875015193,0.0773324926352027,1.1930735845786087,3132,7143.82553248739,0.2,2023_346,0.6337131592999723,0.7115127542488233,10.934392178392871
206,2.2243397641661415,0.7791043324112349,4.88732403348962,0.08007650228388455,0.05643304863543324,0.10636989054920985,1.2574202231222513,0.9585579169067551,1.776541176799123,0.95,mean,qi,BIGC,1.9955968382765346,0.07967031254476725,1.214375426191936,3184,7124.152289490994,0.2,2023_347,0.5593859605114971,0.6394624627953817,12.522471128928144
207,2.1775798176629246,0.7957787010024289,4.525009374443492,0.07280023490236344,0.05043351235947392,0.09887927117157395,1.1421607034411323,0.8296196196156644,1.6235539622805566,0.95,mean,qi,BIGC,2.016104165294183,0.07203167375228262,1.1106724963903447,2694,7106.431180200183,0.2,2023_348,0.49742921926821976,0.5702294541705832,12.766831732368802
208,2.1221977744025415,0.7927162246497524,4.488841563122263,0.07503237995816547,0.05137486993483765,0.10447141390854356,1.205594421923392,0.9121161887381066,1.701787513532688,0.95,mean,qi,BIGC,1.9624016287373793,0.07406024068701586,1.1696273367660175,2732,7090.668701533163,0.2,2023_349,0.5117019598075883,0.5867343397657537,12.788135084801958
209,2.3149935879317862,0.8163176683194102,5.025083312872832,0.08025924099773735,0.055508697447578775,0.10894019602804654,1.2419478658712322,0.9387126339366136,1.7485483172856116,0.95,mean,qi,BIGC,2.117331137622405,0.07931703260077713,1.2058774273230877,3115,7076.870602061732,0.2,2023_350,0.5750202692074937,0.6552795102052311,12.248092569322127
